	25
	0.333333333333  0.333333333333  0.090817990383
	0.485577633384  0.485577633384  0.036725957756
	0.485577633384  0.028844733233  0.036725957756
	0.028844733233  0.485577633384  0.036725957756
	0.109481575485  0.109481575485  0.045321059436
	0.109481575485  0.781036849030  0.045321059436
	0.781036849030  0.109481575485  0.045321059436
	0.307939838764  0.550352941821  0.072757916845
	0.550352941821  0.141707219415  0.072757916845
	0.141707219415  0.307939838764  0.072757916845
	0.550352941821  0.307939838764  0.072757916845
	0.307939838764  0.141707219415  0.072757916845
	0.141707219415  0.550352941821  0.072757916845
	0.246672560640  0.728323904597  0.028327242531
	0.728323904597  0.025003534763  0.028327242531
	0.025003534763  0.246672560640  0.028327242531
	0.728323904597  0.246672560640  0.028327242531
	0.246672560640  0.025003534763  0.028327242531
	0.025003534763  0.728323904597  0.028327242531
	0.066803251012  0.923655933587  0.009421666964
	0.923655933587  0.009540815400  0.009421666964
	0.009540815400  0.066803251012  0.009421666964
	0.923655933587  0.066803251012  0.009421666964
	0.066803251012  0.009540815400  0.009421666964
	0.009540815400  0.923655933587  0.009421666964
